3461 
3464 
3465 
3466 
3467 
3468 
3469 
3470 
3471 
3472 
3473 
3474 
3475 
3476 
3477 
3478 
3479 
3480 
3481 
3482 
3483 
3484 
3485 
3486 
3487 
3488 
3489 
3490 
3491 
3492 
3493 
3494 
3495 
3496 
3497 
3498 
3499 
3500 
3501 
3502 
3503 
3504 
3505 
3506 
3507 
3508 
3509 
3510 
3511 
3512 
3513 
3514 
3515 
3516 
3517 
3518 
3519 
3520 
3521 
3522 
3523 
3524 
3525 
3526 
3527 
3528 
3529 
3530 
3531 
3532 
3533 
3534 
3535 
3536 
3537 
3538 
3539 
3540 
3541 
3542 
3543 
3544 
3545 
3546 
3547 
3548 
3549 
3550 
3551 
3552 
3553 
3554 
3555 
3556 
3557 
3558 
3559 
3560 
3561 
3562 
3563 
3564 
3565 
3566 
3567 
3568 
3569 
3570 
3571 
3572 
3573 
3574 
3575 
3576 
3577 
3578 
3579 
3596 
3597 
3598 
3599 
3600 
3601 
3602 
3603 
3604 
3605 
3606 
3607 
3608 
3609 
3610 
3611 
3612 
3613 
3614 
3615 
3616 
3617 
3618 
3619 
3620 
3621 
3622 
3623 
3624 
3625 
3626 
3627 
3628 
3629 
3630 
3631 
3632 
3633 
3634 
3635 
3636 
3637 
3638 
3639 
3640 
3641 
3642 
3643 
3644 