KJR_sepcrate_02 229 256 326 236 239 293 306 205 314 343 208 245 303 235 289 184 70 155 97 128 103 108 124 88 112 93 83 116 103 126 133 123  
KJR_sepcrate_01 225 253 324 234 235 290 303 200 310 340 194 242 299 229 284 179 70 150 97 123 90 90 100 88 100 110 80 109 95 100 120 110
KJR_silver_02 229 256 326 237 238 293 308 205 314 344 208 246 306 235 289 184 70 154 97 129 103 108 125 88 113 94 83 115 103 122 128 118
KJR_silver_01 230 258 328 239 240 295 309 206 316 346 210 247 307 236 290 186 70 158 97 132 103 108 129 88 113 94 83 117 103 151 130 121
KJR_bronze_01 230 257 327 238 239 294 308 206 315 345 209 245 306 236 290 186 70 156 97 130 103 108 129 88 113 94 9999 114 103 126 129 120
KJR_04  229 257 327 238 239 294 308 206 314 344 199 246 306 235 289 185 70 155 97 130 103 108 126 88 113 94 90 115 103 123 129 119
KJR_03  231 259 329 239 241 296 310 207 317 346 201 247 308 236 291 187 70 158 97 132 103 108 130 88 113 94 83 118 103 127 131 121
KJR_02  233 260 316 240 243 299 312 209 317 347 202 245 309 229 293 193 70 161 97 133 103 108 134 88 134 177 95 125 160 175 131 98
KJR_01  235 262 332 242 246 301 313 212 320 350 205 251 312 242 295 195 70 163 97 136 103 108 136 88 9999 9999 9999 9999 9999 9999 9999 9999
K93_VetoOnlyRuns   219 247 315 225 229 281 296 194 306 334 191 236 296 225 278 178 55 147 82 119 88 93 119 73 9999 9999 9999 9999 9999 9999 9999 9999
JDY_silver_02 134 126 107 102 165 125 122 116 128 100 121 115 107 116 107 9999 59 157 98 130 88 93 135 73 132 113 91 120 157 172 126 92
JDY_10  134 126 107 102 165 125 122 116 128 100 121 115 107 116 107 9999 59 157 98 130 88 93 135 73 132 113 91 120 157 172 126 92
JDY_09  135 128 109 104 167 126 124 117 128 101 121 115 107 115 105 9999 65 162 104 134 88 94 144 73 138 118 94 124 159 176 128 95
JDY_08  135 128 109 104 167 126 123 117 128 100 121 115 106 114 104 9999 64 161 103 133 88 93 144 73 138 118 94 123 159 175 128 94
JDY_07  136 129 110 104 168 127 124 117 129 102 122 116 107 115 105 9999 65 163 105 133 88 93 144 73 137 117 93 123 159 176 129 95
JDY_06  135 128 109 104 167 126 123 116 127 101 121 115 106 114 104 9999 64 161 103 132 88 93 140 73 134 115 91 121 156 173 127 93
JDY_05  134 127 109 104 167 126 123 116 127 100 120 114 106 114 103 9999 65 161 103 133 88 93 140 73 135 115 91 121 157 174 127 94
JDY_04  135 127 109 103 165 124 122 116 128 101 121 115 107 114 104 9999 67 164 106 135 88 94 144 73 137 117 94 124 160 173 130 96
JDY_03  134 126 107 102 163 122 121 114 128 101 120 114 105 113 103 9999 67 164 106 135 88 93 142 73 136 117 93 123 159 176 130 96
JDY_02  134 123 108 103 151 124 122 116 127 100 120 114 102 112 103 9999 65 162 104 134 88 93 123 73 135 115 92 122 141 160 128 95
JDY_01 137 129 110 105 167 126 123 117 130 103 123 116 108 116 106 9999 73 167 107 134 88 94 145 80 9999 9999 9999 9999 9999 9999 9999 9999
Debug   400 400 400 400 400 400 400 400 400 400 400 400 400 400 400 400 400 400 400 400 400 400 400 400 400 400 400 400 400 400 400 400 